KNN : 99.52830188679245 %
Precision:  [0.97849462 0.98913043 1.         1.         0.99065421 0.98701299
 1.         0.99082569 1.         1.         1.         1.
 1.         1.        ]
Recall:  [1.         0.98913043 1.         0.95652174 1.         1.
 1.         1.         1.         0.98924731 1.         1.
 1.         1.        ]
BCR:  0.9953499632672143
SVM : 94.9685534591195 %
Precision:  [0.93617021 0.90410959 0.9673913  1.         0.94117647 0.85897436
 0.91262136 0.89256198 1.         0.93548387 1.         1.
 0.96511628 1.        ]
Recall:  [0.96703297 0.7173913  1.         0.93478261 0.90566038 0.88157895
 1.         1.         1.         0.93548387 0.9787234  1.
 0.97647059 1.        ]
BCR:  0.9497945763044081
RnF : 97.48427672955975 %
Precision:  [0.95789474 0.98684211 0.9673913  1.         0.94594595 0.9125
 0.94949495 0.95575221 1.         1.         0.98924731 1.
 1.         1.        ]
Recall:  [1.         0.81521739 1.         0.93478261 0.99056604 0.96052632
 1.         1.         1.         0.96774194 0.9787234  1.
 1.         1.        ]
BCR:  0.9748255495188938
DT : 98.34905660377359 %
Precision:  [0.95698925 0.98901099 0.97777778 0.98888889 0.99056604 0.96103896
 0.95789474 0.99082569 1.         1.         0.96842105 1.
 0.98837209 1.        ]
Recall:  [0.97802198 0.97826087 0.98876404 0.9673913  0.99056604 0.97368421
 0.96808511 1.         0.98717949 0.96774194 0.9787234  1.
 1.         0.98888889]
BCR:  0.9833790905236822

