KNN : 99.52830188679245 %
Confusion matrix, without normalization
[[ 91   0   0   0   0   0   0   0   0   0   0   0   0   0]
 [  0  91   0   0   0   0   0   1   0   0   0   0   0   0]
 [  0   0  89   0   0   0   0   0   0   0   0   0   0   0]
 [  2   1   0  88   1   0   0   0   0   0   0   0   0   0]
 [  0   0   0   0 106   0   0   0   0   0   0   0   0   0]
 [  0   0   0   0   0  76   0   0   0   0   0   0   0   0]
 [  0   0   0   0   0   0  94   0   0   0   0   0   0   0]
 [  0   0   0   0   0   0   0 108   0   0   0   0   0   0]
 [  0   0   0   0   0   0   0   0  78   0   0   0   0   0]
 [  0   0   0   0   0   1   0   0   0  92   0   0   0   0]
 [  0   0   0   0   0   0   0   0   0   0  94   0   0   0]
 [  0   0   0   0   0   0   0   0   0   0   0  84   0   0]
 [  0   0   0   0   0   0   0   0   0   0   0   0  85   0]
 [  0   0   0   0   0   0   0   0   0   0   0   0   0  90]]
SVM : 94.9685534591195 %
Confusion matrix, without normalization
[[ 88   0   0   0   0   0   0   0   0   0   0   0   3   0]
 [  0  66   0   0   6   5   7   8   0   0   0   0   0   0]
 [  0   0  89   0   0   0   0   0   0   0   0   0   0   0]
 [  4   1   0  86   0   0   0   1   0   0   0   0   0   0]
 [  0   6   0   0  96   0   0   4   0   0   0   0   0   0]
 [  0   0   3   0   0  67   0   0   0   6   0   0   0   0]
 [  0   0   0   0   0   0  94   0   0   0   0   0   0   0]
 [  0   0   0   0   0   0   0 108   0   0   0   0   0   0]
 [  0   0   0   0   0   0   0   0  78   0   0   0   0   0]
 [  0   0   0   0   0   6   0   0   0  87   0   0   0   0]
 [  0   0   0   0   0   0   2   0   0   0  92   0   0   0]
 [  0   0   0   0   0   0   0   0   0   0   0  84   0   0]
 [  2   0   0   0   0   0   0   0   0   0   0   0  83   0]
 [  0   0   0   0   0   0   0   0   0   0   0   0   0  90]]
RnF : 97.48427672955975 %
Confusion matrix, without normalization
[[ 91   0   0   0   0   0   0   0   0   0   0   0   0   0]
 [  0  75   0   0   4   4   3   5   0   0   1   0   0   0]
 [  0   0  89   0   0   0   0   0   0   0   0   0   0   0]
 [  4   0   0  86   2   0   0   0   0   0   0   0   0   0]
 [  0   1   0   0 105   0   0   0   0   0   0   0   0   0]
 [  0   0   3   0   0  73   0   0   0   0   0   0   0   0]
 [  0   0   0   0   0   0  94   0   0   0   0   0   0   0]
 [  0   0   0   0   0   0   0 108   0   0   0   0   0   0]
 [  0   0   0   0   0   0   0   0  78   0   0   0   0   0]
 [  0   0   0   0   0   3   0   0   0  90   0   0   0   0]
 [  0   0   0   0   0   0   2   0   0   0  92   0   0   0]
 [  0   0   0   0   0   0   0   0   0   0   0  84   0   0]
 [  0   0   0   0   0   0   0   0   0   0   0   0  85   0]
 [  0   0   0   0   0   0   0   0   0   0   0   0   0  90]]
DT : 98.66352201257862 %
Confusion matrix, without normalization
[[ 89   0   0   1   0   0   0   0   0   0   0   0   1   0]
 [  0  90   0   0   0   0   0   1   0   0   1   0   0   0]
 [  0   0  88   1   0   0   0   0   0   0   0   0   0   0]
 [  1   0   0  90   1   0   0   0   0   0   0   0   0   0]
 [  0   0   1   0 105   0   0   0   0   0   0   0   0   0]
 [  0   0   0   0   0  74   2   0   0   0   0   0   0   0]
 [  0   0   1   0   0   0  92   0   0   0   1   0   0   0]
 [  0   0   0   0   0   0   0 108   0   0   0   0   0   0]
 [  1   0   0   0   0   0   0   0  77   0   0   0   0   0]
 [  0   0   0   0   0   3   0   0   0  90   0   0   0   0]
 [  0   0   0   0   0   0   0   0   0   0  94   0   0   0]
 [  0   0   0   0   0   0   0   0   0   0   0  84   0   0]
 [  0   0   0   0   0   0   0   0   0   0   0   0  85   0]
 [  1   0   0   0   0   0   0   0   0   0   0   0   0  89]]

